900.jpeg 184.43164825439453,44.011858105659485,480.45477867126465,556.7128300666809,0.99998987,0
900.jpeg 184.43164825439453,44.011858105659485,480.45477867126465,556.7128300666809,0.99998987,0
900.jpeg 184.43164825439453,44.011858105659485,480.45477867126465,556.7128300666809,0.99998987,0
900.jpeg 184.43164825439453,44.011858105659485,480.45477867126465,556.7128300666809,0.99998987,0
900.jpeg 184.43164825439453,44.011858105659485,480.45477867126465,556.7128300666809,0.99998987,0
900.jpeg 184.43164825439453,44.011858105659485,480.45477867126465,556.7128300666809,0.99998987,0
900.jpeg 184.43164825439453,44.011858105659485,480.45477867126465,556.7128300666809,0.99998987,0
900.jpeg 184.43164825439453,44.011858105659485,480.45477867126465,556.7128300666809,0.99998987,0
900.jpeg 184.43164825439453,44.011858105659485,480.45477867126465,556.7128300666809,0.99998987,0
900.jpeg 184.43164825439453,44.011858105659485,480.45477867126465,556.7128300666809,0.99998987,0
900.jpeg 184.43164825439453,44.011858105659485,480.45477867126465,556.7128300666809,0.99998987,0
900.jpeg 184.43164825439453,44.011858105659485,480.45477867126465,556.7128300666809,0.99998987,0
900.jpeg 184.43164825439453,44.011858105659485,480.45477867126465,556.7128300666809,0.99998987,0
900.jpeg 184.43164825439453,44.011858105659485,480.45477867126465,556.7128300666809,0.99998987,0
900.jpeg 184.43164825439453,44.011858105659485,480.45477867126465,556.7128300666809,0.99998987,0
900.jpeg 184.43164825439453,44.011858105659485,480.45477867126465,556.7128300666809,0.99998987,0
900.jpeg 184.43164825439453,44.011858105659485,480.45477867126465,556.7128300666809,0.99998987,0
900.jpeg 184.43164825439453,44.011858105659485,480.45477867126465,556.7128300666809,0.99998987,0
900.jpeg 184.43164825439453,44.011858105659485,480.45477867126465,556.7128300666809,0.99998987,0
900.jpeg 184.43164825439453,44.011858105659485,480.45477867126465,556.7128300666809,0.99998987,0
900.jpeg 184.43164825439453,44.011858105659485,480.45477867126465,556.7128300666809,0.99998987,0
900.jpeg 184.43164825439453,44.011858105659485,480.45477867126465,556.7128300666809,0.99998987,0
900.jpeg 184.43164825439453,44.011858105659485,480.45477867126465,556.7128300666809,0.99998987,0
900.jpeg 184.43164825439453,44.011858105659485,480.45477867126465,556.7128300666809,0.99998987,0
900.jpeg 184.43164825439453,44.011858105659485,480.45477867126465,556.7128300666809,0.99998987,0
900.jpeg 184.43164825439453,44.011858105659485,480.45477867126465,556.7128300666809,0.99998987,0
900.jpeg 184.43164825439453,44.011858105659485,480.45477867126465,556.7128300666809,0.99998987,0
900.jpeg 184.43164825439453,44.011858105659485,480.45477867126465,556.7128300666809,0.99998987,0
900.jpeg 184.43164825439453,44.011858105659485,480.45477867126465,556.7128300666809,0.99998987,0
900.jpeg 184.43164825439453,44.011858105659485,480.45477867126465,556.7128300666809,0.99998987,0
900.jpeg 184.43164825439453,44.011858105659485,480.45477867126465,556.7128300666809,0.99998987,0
900.jpeg 184.43164825439453,44.011858105659485,480.45477867126465,556.7128300666809,0.99998987,0
900.jpeg 184.43164825439453,44.011858105659485,480.45477867126465,556.7128300666809,0.99998987,0
900.jpeg 184.43164825439453,44.011858105659485,480.45477867126465,556.7128300666809,0.99998987,0
900.jpeg 184.43164825439453,44.011858105659485,480.45477867126465,556.7128300666809,0.99998987,0
900.jpeg 184.43164825439453,44.011858105659485,480.45477867126465,556.7128300666809,0.99998987,0
900.jpeg 184.43164825439453,44.011858105659485,480.45477867126465,556.7128300666809,0.99998987,0
900.jpeg 184.43164825439453,44.011858105659485,480.45477867126465,556.7128300666809,0.99998987,0
900.jpeg 184.43164825439453,44.011858105659485,480.45477867126465,556.7128300666809,0.99998987,0
900.jpeg 184.43164825439453,44.011858105659485,480.45477867126465,556.7128300666809,0.99998987,0
900.jpeg 184.43164825439453,44.011858105659485,480.45477867126465,556.7128300666809,0.99998987,0
900.jpeg 184.43164825439453,44.011858105659485,480.45477867126465,556.7128300666809,0.99998987,0
900.jpeg 184.43164825439453,44.011858105659485,480.45477867126465,556.7128300666809,0.99998987,0
900.jpeg 184.43164825439453,44.011858105659485,480.45477867126465,556.7128300666809,0.99998987,0
900.jpeg 184.43164825439453,44.011858105659485,480.45477867126465,556.7128300666809,0.99998987,0
900.jpeg 184.43164825439453,44.011858105659485,480.45477867126465,556.7128300666809,0.99998987,0
900.jpeg 184.43164825439453,44.011858105659485,480.45477867126465,556.7128300666809,0.99998987,0
900.jpeg 184.43164825439453,44.011858105659485,480.45477867126465,556.7128300666809,0.99998987,0
900.jpeg 184.43164825439453,44.011858105659485,480.45477867126465,556.7128300666809,0.99998987,0
900.jpeg 184.43164825439453,44.011858105659485,480.45477867126465,556.7128300666809,0.99998987,0
900.jpeg 184.43164825439453,44.011858105659485,480.45477867126465,556.7128300666809,0.99998987,0
900.jpeg 184.43164825439453,44.011858105659485,480.45477867126465,556.7128300666809,0.99998987,0
900.jpeg 184.43164825439453,44.011858105659485,480.45477867126465,556.7128300666809,0.99998987,0
900.jpeg 184.43164825439453,44.011858105659485,480.45477867126465,556.7128300666809,0.99998987,0
900.jpeg 184.43164825439453,44.011858105659485,480.45477867126465,556.7128300666809,0.99998987,0
900.jpeg 184.43164825439453,44.011858105659485,480.45477867126465,556.7128300666809,0.99998987,0
900.jpeg 184.43164825439453,44.011858105659485,480.45477867126465,556.7128300666809,0.99998987,0
900.jpeg 184.43164825439453,44.011858105659485,480.45477867126465,556.7128300666809,0.99998987,0
900.jpeg 184.43164825439453,44.011858105659485,480.45477867126465,556.7128300666809,0.99998987,0
900.jpeg 184.43164825439453,44.011858105659485,480.45477867126465,556.7128300666809,0.99998987,0
900.jpeg 184.43164825439453,44.011858105659485,480.45477867126465,556.7128300666809,0.99998987,0
900.jpeg 184.43164825439453,44.011858105659485,480.45477867126465,556.7128300666809,0.99998987,0
900.jpeg 184.43164825439453,44.011858105659485,480.45477867126465,556.7128300666809,0.99998987,0
900.jpeg 184.43164825439453,44.011858105659485,480.45477867126465,556.7128300666809,0.99998987,0
900.jpeg 184.43164825439453,44.011858105659485,480.45477867126465,556.7128300666809,0.99998987,0
900.jpeg 184.43164825439453,44.011858105659485,480.45477867126465,556.7128300666809,0.99998987,0
900.jpeg 184.43164825439453,44.011858105659485,480.45477867126465,556.7128300666809,0.99998987,0
900.jpeg 184.43164825439453,44.011858105659485,480.45477867126465,556.7128300666809,0.99998987,0
900.jpeg 184.43164825439453,44.011858105659485,480.45477867126465,556.7128300666809,0.99998987,0
900.jpeg 184.43164825439453,44.011858105659485,480.45477867126465,556.7128300666809,0.99998987,0
900.jpeg 184.43164825439453,44.011858105659485,480.45477867126465,556.7128300666809,0.99998987,0
900.jpeg 184.43164825439453,44.011858105659485,480.45477867126465,556.7128300666809,0.99998987,0
900.jpeg 184.43164825439453,44.011858105659485,480.45477867126465,556.7128300666809,0.99998987,0
900.jpeg 184.43164825439453,44.011858105659485,480.45477867126465,556.7128300666809,0.99998987,0
900.jpeg 184.43164825439453,44.011858105659485,480.45477867126465,556.7128300666809,0.99998987,0
900.jpeg 184.43164825439453,44.011858105659485,480.45477867126465,556.7128300666809,0.99998987,0
900.jpeg 184.43164825439453,44.011858105659485,480.45477867126465,556.7128300666809,0.99998987,0
900.jpeg 184.43164825439453,44.011858105659485,480.45477867126465,556.7128300666809,0.99998987,0
900.jpeg 184.43164825439453,44.011858105659485,480.45477867126465,556.7128300666809,0.99998987,0
900.jpeg 184.43164825439453,44.011858105659485,480.45477867126465,556.7128300666809,0.99998987,0
900.jpeg 184.43164825439453,44.011858105659485,480.45477867126465,556.7128300666809,0.99998987,0
900.jpeg 184.43164825439453,44.011858105659485,480.45477867126465,556.7128300666809,0.99998987,0
900.jpeg 184.43164825439453,44.011858105659485,480.45477867126465,556.7128300666809,0.99998987,0
